0.002502213371781089392632332898134636822424878617413750072121255479649839719237072
